892420643555336193 , 37768 , 8229
892177421306343426 , 32448 , 6080
891815181378084864 , 24434 , 4023
891689557279858688 , 41105 , 8383
891327558926688256 , 39309 , 9084
891087950875897856 , 19768 , 3013
890971913173991426 , 11555 , 1991
890729181411237888 , 63712 , 18284
890609185150312448 , 27156 , 4138
890240255349198849 , 31143 , 7150
890006608113172480 , 29938 , 7109
889880896479866881 , 27146 , 4822
889665388333682689 , 46923 , 9731
889638837579907072 , 26471 , 4390
889531135344209921 , 14758 , 2183
889278841981685760 , 24634 , 5206
888917238123831296 , 28421 , 4367
888804989199671297 , 24947 , 4149
888554962724278272 , 19347 , 3428
888078434458587136 , 21232 , 3385
887705289381826560 , 29468 , 5220
887517139158093824 , 45149 , 11346
887473957103951883 , 67307 , 17617
887343217045368832 , 32863 , 10111
887101392804085760 , 29836 , 5782
886983233522544640 , 34282 , 7532
886736880519319552 , 11764 , 3171
886680336477933568 , 21904 , 4326
886366144734445568 , 20673 , 3104
886267009285017600 , 116 , 4
886258384151887873 , 27316 , 6108
886054160059072513 , 0 , 104
885984800019947520 , 31831 , 6560
885528943205470208 , 35089 , 6233
885518971528720385 , 19946 , 3640
885311592912609280 , 0 , 17987
885167619883638784 , 21382 , 4256
884925521741709313 , 75490 , 17710
884876753390489601 , 27233 , 5450
884562892145688576 , 23695 , 4548
884441805382717440 , 26360 , 5493
884247878851493888 , 71190 , 19906
884162670584377345 , 19866 , 2891
883838122936631299 , 21367 , 3344
883482846933004288 , 44795 , 9636
883360690899218434 , 22146 , 3596
883117836046086144 , 36275 , 6472
882992080364220416 , 23371 , 3808
882762694511734784 , 27621 , 4760
882627270321602560 , 27278 , 5912
882268110199369728 , 43855 , 11255
882045870035918850 , 28633 , 4812
881906580714921986 , 23744 , 3300
881666595344535552 , 49384 , 10369
881633300179243008 , 124 , 7
881536004380872706 , 48239 , 15504
881268444196462592 , 22558 , 5034
880935762899988482 , 16639 , 2706
880872448815771648 , 20757 , 3720
880465832366813184 , 27852 , 6102
880221127280381952 , 26370 , 4097
880095782870896641 , 26961 , 4217
879862464715927552 , 21814 , 3399
879674319642796034 , 300 , 10
879492040517615616 , 22879 , 3093
879415818425184262 , 103319 , 43094
879376492567855104 , 16406 , 3025
879130579576475649 , 0 , 6628
879050749262655488 , 22022 , 4580
879008229531029506 , 18544 , 2620
878776093423087618 , 18964 , 4015
878604707211726852 , 29545 , 7006
878404777348136964 , 0 , 1252
878316110768087041 , 0 , 6472
878281511006478336 , 7559 , 1252
878057613040115712 , 41052 , 6628
877736472329191424 , 77894 , 18590
877611172832227328 , 0 , 78
877556246731214848 , 22208 , 3701
877316821321428993 , 26759 , 5052
877201837425926144 , 26503 , 5435
876838120628539392 , 20219 , 3253
876537666061221889 , 23016 , 4523
876484053909872640 , 18344 , 2332
876120275196170240 , 27314 , 4565
875747767867523072 , 24639 , 4184
875144289856114688 , 21452 , 4818
875097192612077568 , 26816 , 5911
875021211251597312 , 24922 , 4609
874680097055178752 , 27225 , 4535
874434818259525634 , 0 , 14373
874296783580663808 , 25505 , 4015
874057562936811520 , 22218 , 3865
874012996292530176 , 33796 , 10176
873580283840344065 , 23709 , 3850
873337748698140672 , 0 , 1551
873213775632977920 , 7084 , 1551
872967104147763200 , 26775 , 5307
872820683541237760 , 14440 , 3624
872620804844003328 , 20379 , 3624
872486979161796608 , 39909 , 8854
872122724285648897 , 33748 , 7981
871879754684805121 , 37214 , 10955
871762521631449091 , 19895 , 3418
871515927908634625 , 19845 , 3401
871166179821445120 , 0 , 5601
871102520638267392 , 20578 , 5423
871032628920680449 , 22303 , 3761
870804317367881728 , 33076 , 6112
870726314365509632 , 117 , 3
870656317836468226 , 12207 , 2603
870374049280663552 , 81436 , 25884
870308999962521604 , 21512 , 4102
870063196459192321 , 36088 , 8236
869772420881756160 , 41810 , 9918
869702957897576449 , 27830 , 6274
869596645499047938 , 15764 , 3106
869227993411051520 , 20191 , 3755
868880397819494401 , 64737 , 14330
868639477480148993 , 0 , 2076
868622495443632128 , 26400 , 5254
868552278524837888 , 9999 , 2076
867900495410671616 , 23914 , 4148
867774946302451713 , 33591 , 7289
867421006826221569 , 15939 , 2484
867072653475098625 , 0 , 120
867051520902168576 , 31923 , 7817
866720684873056260 , 19881 , 4784
866686824827068416 , 19105 , 3460
866450705531457537 , 121129 , 35147
866334964761202691 , 52068 , 14373
866094527597207552 , 0 , 8335
865718153858494464 , 25430 , 5599
865359393868664832 , 26260 , 4987
865006731092295680 , 27807 , 7670
864873206498414592 , 32065 , 8695
864279568663928832 , 14545 , 3022
864197398364647424 , 29963 , 8919
863907417377173506 , 20498 , 4133
863553081350529029 , 15224 , 4179
863471782782697472 , 0 , 2445
863432100342583297 , 23703 , 5242
863427515083354112 , 2242 , 97
863079547188785154 , 8730 , 1106
863062471531167744 , 8487 , 2445
862831371563274240 , 19094 , 5110
862722525377298433 , 17000 , 3534
862457590147678208 , 20445 , 4975
862096992088072192 , 74273 , 23366
861383897657036800 , 36036 , 10751
861288531465048066 , 17155 , 4177
861005113778896900 , 16682 , 3820
860981674716409858 , 0 , 2173
860924035999428608 , 0 , 825
860563773140209665 , 7509 , 2173
860524505164394496 , 23610 , 5323
860276583193509888 , 18295 , 3500
860184849394610176 , 16681 , 5901
860177593139703809 , 0 , 31131
859924526012018688 , 19558 , 4114
859851578198683649 , 15421 , 3541
859607811541651456 , 18613 , 1587
859196978902773760 , 90084 , 30493
859074603037188101 , 33945 , 13760
858860390427611136 , 0 , 8239
858843525470990336 , 15586 , 3522
858471635011153920 , 21570 , 4899
858107933456039936 , 15777 , 2938
857989990357356544 , 16198 , 2618
857746408056729600 , 34415 , 10796
857393404942143489 , 5934 , 1667
857263160327368704 , 20116 , 4584
857214891891077121 , 228 , 18
857062103051644929 , 0 , 174
857029823797047296 , 19036 , 4076
856602993587888130 , 0 , 10883
856543823941562368 , 16376 , 2930
856526610513747968 , 11929 , 1921
856330835276025856 , 0 , 689
856288084350160898 , 523 , 17
856282028240666624 , 27949 , 6451
855862651834028034 , 347 , 26
855860136149123072 , 5069 , 1045
855857698524602368 , 11964 , 2156
855851453814013952 , 45921 , 18128
855818117272018944 , 26883 , 5560
855459453768019968 , 30212 , 8398
855245323840757760 , 0 , 6122
855138241867124737 , 0 , 47
854732716440526848 , 23115 , 6259
854482394044301312 , 29677 , 7059
854365224396361728 , 19142 , 4820
854120357044912130 , 32427 , 7694
854010172552949760 , 16446 , 3238
853760880890318849 , 29026 , 5958
853639147608842240 , 35395 , 10453
853299958564483072 , 15795 , 3682
852936405516943360 , 0 , 2069
852912242202992640 , 9222 , 1895
852672615818899456 , 15198 , 2231
852553447878664193 , 16663 , 3632
852311364735569921 , 33748 , 10225
852226086759018497 , 20397 , 7032
852189679701164033 , 11694 , 1641
851953902622658560 , 0 , 9967
851861385021730816 , 0 , 23
851591660324737024 , 16547 , 3592
851464819735769094 , 24801 , 7353
851224888060895234 , 21135 , 5937
850753642995093505 , 31695 , 9636
850380195714523136 , 13375 , 2723
850333567704068097 , 3522 , 348
850145622816686080 , 16733 , 3975
850019790995546112 , 20952 , 5089
849776966551130114 , 31227 , 7914
849668094696017920 , 0 , 5151
849412302885593088 , 16291 , 3274
849336543269576704 , 11711 , 1966
849051919805034497 , 43555 , 8872
848690551926992896 , 25888 , 4502
848324959059550208 , 25443 , 4797
848213670039564288 , 8404 , 777
848212111729840128 , 16776 , 3205
847978865427394560 , 0 , 3400
847971574464610304 , 0 , 444
847962785489326080 , 24200 , 5322
847842811428974592 , 5621 , 1396
847617282490613760 , 7206 , 441
847606175596138505 , 19346 , 3556
847251039262605312 , 21069 , 4486
847157206088847362 , 20535 , 6134
847116187444137987 , 22042 , 3344
846874817362120707 , 20673 , 4110
846514051647705089 , 46001 , 12159
846505985330044928 , 14539 , 3223
846153765933735936 , 32676 , 9517
846139713627017216 , 31869 , 10387
846042936437604353 , 16504 , 3036
845812042753855489 , 30215 , 9164
845677943972139009 , 25940 , 5019
845397057150107648 , 7888 , 1895
845306882940190720 , 24091 , 5664
845098359547420673 , 0 , 8041
844979544864018432 , 14079 , 2708
844973813909606400 , 15621 , 3380
844704788403113984 , 40022 , 10883
844580511645339650 , 17050 , 3303
844223788422217728 , 14098 , 2315
843981021012017153 , 15660 , 3082
843856843873095681 , 22178 , 4877
843604394117681152 , 17471 , 2899
843235543001513987 , 22253 , 6370
842846295480000512 , 15763 , 3799
842765311967449089 , 6990 , 1345
842535590457499648 , 18740 , 3702
842163532590374912 , 25341 , 6122
842115215311396866 , 14513 , 3201
841833993020538882 , 0 , 16172
841680585030541313 , 26588 , 8193
841439858740625411 , 13092 , 3890
841320156043304961 , 20508 , 5755
841314665196081154 , 16417 , 4965
841077006473256960 , 23737 , 5601
840761248237133825 , 0 , 1855
840728873075638272 , 0 , 17082
840698636975636481 , 183 , 2
840696689258311684 , 12748 , 1038
840632337062862849 , 9311 , 1855
840370681858686976 , 17089 , 4811
840268004936019968 , 20017 , 6071
839990271299457024 , 13940 , 2428
839549326359670784 , 28592 , 8239
839290600511926273 , 0 , 150
839239871831150596 , 28268 , 6928
838952994649550848 , 20384 , 4212
838921590096166913 , 11626 , 2194
838916489579200512 , 0 , 36
838831947270979586 , 0 , 11716
838561493054533637 , 11359 , 1402
838476387338051585 , 23489 , 5096
838201503651401729 , 0 , 10696
838150277551247360 , 1746 , 352
838085839343206401 , 147 , 0
838083903487373313 , 18333 , 3350
837820167694528512 , 35585 , 8335
837482249356513284 , 3996 , 467
837471256429613056 , 13302 , 2423
837366284874571778 , 22030 , 5633
837110210464448512 , 16683 , 2539
836989968035819520 , 13245 , 2442
836753516572119041 , 20051 , 4900
836677758902222849 , 13143 , 2364
836648853927522308 , 0 , 579
836397794269200385 , 0 , 29426
836380477523124226 , 15368 , 3155
836260088725786625 , 22154 , 4555
836001077879255040 , 19912 , 4561
835685285446955009 , 0 , 8675
835574547218894849 , 18574 , 3854
835536468978302976 , 0 , 1815
835309094223372289 , 0 , 22366
835297930240217089 , 17136 , 3195
835264098648616962 , 8062 , 1815
835246439529840640 , 2183 , 77
835172783151792128 , 27261 , 6110
835152434251116546 , 23429 , 3211
834931633769889797 , 11292 , 1757
834786237630337024 , 22119 , 5858
834574053763584002 , 14269 , 2692
834477809192075265 , 0 , 11384
834458053273591808 , 10018 , 1786
834209720923721728 , 21518 , 5098
834167344700198914 , 16458 , 3881
834089966724603904 , 10492 , 2264
834086379323871233 , 13646 , 2363
833863086058651648 , 14002 , 2557
833826103416520705 , 18800 , 3979
833732339549220864 , 0 , 228
833722901757046785 , 21652 , 3417
833479644947025920 , 15506 , 2200
833124694597443584 , 21101 , 5151
832998151111966721 , 13886 , 2363
832769181346996225 , 0 , 40
832757312314028032 , 17589 , 3865
832682457690300417 , 12410 , 3131
832645525019123713 , 3050 , 555
832636094638288896 , 16556 , 2972
832397543355072512 , 12477 , 2372
832369877331693569 , 17949 , 3400
832273440279240704 , 11823 , 2490
832215909146226688 , 0 , 6612
832215726631055365 , 0 , 10012
832088576586297345 , 70 , 2
832040443403784192 , 0 , 10372
832032802820481025 , 18645 , 4960
831939777352105988 , 25091 , 6555
831926988323639298 , 357 , 35
831911600680497154 , 28922 , 6970
831670449226514432 , 10939 , 1936
831650051525054464 , 7511 , 2069
831552930092285952 , 9407 , 2453
831322785565769729 , 9648 , 1638
831315979191906304 , 6837 , 1192
831309418084069378 , 12277 , 2617
831262627380748289 , 12460 , 2192
830956169170665475 , 8338 , 1596
830583320585068544 , 70009 , 17987
830173239259324417 , 0 , 6098
830097400375152640 , 10288 , 3205
829878982036299777 , 0 , 5379
829861396166877184 , 12810 , 2095
829501995190984704 , 33245 , 11384
829449946868879360 , 10960 , 2166
829374341691346946 , 36266 , 9967
829141528400556032 , 25671 , 7943
829011960981237760 , 55527 , 17389
828801551087042563 , 0 , 3639
828770345708580865 , 26787 , 6288
828708714936930305 , 38378 , 12043
828650029636317184 , 9956 , 1444
828409743546925057 , 6609 , 1234
828408677031882754 , 8031 , 1380
828381636999917570 , 13247 , 2386
828376505180889089 , 7734 , 1144
828372645993398273 , 13156 , 3167
828361771580813312 , 2302 , 182
828046555563323392 , 12335 , 3069
828011680017821696 , 10865 , 2305
827933404142436356 , 21120 , 5604
827653905312006145 , 16171 , 3223
827600520311402496 , 7769 , 1018
827324948884643840 , 16655 , 3287
827199976799354881 , 11097 , 2406
826958653328592898 , 22660 , 5379
826848821049180160 , 38288 , 10978
826615380357632002 , 0 , 4245
826598799820865537 , 5375 , 270
826598365270007810 , 10583 , 2520
826476773533745153 , 19355 , 4510
826240494070030336 , 13948 , 2779
826204788643753985 , 5130 , 1000
826115272272650244 , 16453 , 3374
825876512159186944 , 11000 , 2011
825829644528148480 , 13384 , 2677
825535076884762624 , 54765 , 18490
825147591692263424 , 19247 , 4919
825120256414846976 , 0 , 1372
825026590719483904 , 6676 , 1372
824796380199809024 , 0 , 5914
824775126675836928 , 15747 , 3785
824663926340194305 , 10603 , 1865
824325613288833024 , 12418 , 11190
824297048279236611 , 15861 , 4167
824025158776213504 , 5022 , 634
823939628516474880 , 11201 , 2912
823719002937630720 , 0 , 12080
823699002998870016 , 13255 , 2599
823581115634085888 , 13728 , 2850
823333489516937216 , 733 , 27
823322678127919110 , 16567 , 4327
823269594223824897 , 0 , 10611
822975315408461824 , 18215 , 3708
822872901745569793 , 139383 , 47266
822859134160621569 , 13940 , 2465
822647212903690241 , 0 , 6902
822610361945911296 , 15577 , 3198
822489057087389700 , 19143 , 6902
822462944365645825 , 29984 , 15788
822244816520155136 , 36922 , 10611
822163064745328640 , 0 , 5182
821886076407029760 , 11962 , 2524
821813639212650496 , 0 , 3608
821765923262631936 , 8870 , 1794
821522889702862852 , 8464 , 1916
821421320206483457 , 0 , 6042
821407182352777218 , 12426 , 4689
821153421864615936 , 267 , 10
821149554670182400 , 9179 , 2177
821107785811234820 , 10118 , 2301
821044531881721856 , 13362 , 2476
820837357901512704 , 0 , 7241
820749716845686786 , 33281 , 10696
820690176645140481 , 12871 , 3476
820494788566847489 , 0 , 610
820446719150292993 , 0 , 2789
820314633777061888 , 3520 , 610
820078625395449857 , 20926 , 6792
820013781606658049 , 0 , 1278
819952236453363712 , 5617 , 1278
819924195358416896 , 13594 , 5224
819711362133872643 , 14215 , 3382
819588359383371776 , 10116 , 2131
819347104292290561 , 7624 , 1305
819238181065359361 , 2416 , 437
819227688460238848 , 24372 , 7241
819015337530290176 , 0 , 39763
819015331746349057 , 0 , 20488
819006400881917954 , 47727 , 20488
819004803107983360 , 91553 , 39763
818646164899774465 , 0 , 22573
818627210458333184 , 23452 , 8073
818614493328580609 , 10417 , 2790
818588835076603904 , 0 , 6650
818536468981415936 , 11531 , 2680
818307523543449600 , 0 , 8796
818259473185828864 , 11646 , 2473
818145370475810820 , 12989 , 2808
817908911860748288 , 5125 , 854
817827839487737858 , 54755 , 29426
817777686764523521 , 11316 , 2900
817536400337801217 , 12480 , 3287
817502432452313088 , 0 , 3675
817423860136083457 , 36114 , 16172
817415592588222464 , 5930 , 1043
817181837579653120 , 0 , 9190
817171292965273600 , 9236 , 2181
817120970343411712 , 12884 , 2837
817056546584727552 , 9071 , 1787
816829038950027264 , 0 , 5104
816816676327063552 , 10589 , 2195
816697700272001025 , 10371 , 2388
816450570814898180 , 32331 , 8796
816336735214911488 , 9097 , 2117
816091915477250048 , 9463 , 2341
816062466425819140 , 0 , 1128
816014286006976512 , 0 , 5752
815990720817401858 , 5285 , 1128
815966073409433600 , 23731 , 9190
815745968457060357 , 0 , 4482
815736392542261248 , 10419 , 2464
815639385530101762 , 8697 , 1781
815390420867969024 , 10965 , 4128
814986499976527872 , 8097 , 1393
814638523311648768 , 11918 , 2941
814578408554463233 , 0 , 6289
814530161257443328 , 9163 , 2017
814153002265309185 , 30488 , 9415
813944609378369540 , 0 , 3460
813910438903693312 , 9846 , 2034
813812741911748608 , 38550 , 15207
813800681631023104 , 8845 , 1905
813217897535406080 , 19776 , 7929
813202720496779264 , 9736 , 1954
813187593374461952 , 21025 , 4734
813172488309972993 , 9883 , 2075
813157409116065792 , 8227 , 2407
813142292504645637 , 8952 , 2556
813130366689148928 , 4735 , 481
813127251579564032 , 12572 , 3395
813112105746448384 , 10954 , 2986
813096984823349248 , 11177 , 3905
813081950185472002 , 10479 , 3005
813066809284972545 , 8447 , 2104
813051746834595840 , 22212 , 7962
812781120811126785 , 8062 , 2077
812709060537683968 , 7028 , 1547
812503143955202048 , 6442 , 1325
812466873996607488 , 8463 , 2096
812372279581671427 , 14517 , 3985
811985624773361665 , 7702 , 1526
811744202451197953 , 7999 , 1738
811647686436880384 , 5927 , 804
811627233043480576 , 13559 , 3387
811386762094317568 , 22180 , 6935
810984652412424192 , 5651 , 1557
810896069567610880 , 9608 , 1944
810657578271330305 , 11642 , 2875
810284430598270976 , 37561 , 12382
810254108431155201 , 15577 , 3639
809920764300447744 , 16443 , 4245
809808892968534016 , 0 , 5317
809448704142938112 , 7352 , 1594
809220051211603969 , 21152 , 6098
809084759137812480 , 14038 , 3810
808838249661788160 , 10732 , 3309
808733504066486276 , 8401 , 2357
808501579447930884 , 11966 , 2821
808344865868283904 , 45134 , 22573
808134635716833280 , 0 , 6461
808106460588765185 , 9287 , 2388
808001312164028416 , 13348 , 3845
807621403335917568 , 15465 , 3997
807106840509214720 , 126082 , 60465
807059379405148160 , 0 , 7959
807010152071229440 , 13858 , 4167
806629075125202948 , 79741 , 37861
806620845233815552 , 0 , 6009
806576416489959424 , 5158 , 2091
806542213899489280 , 10842 , 2566
806242860592926720 , 0 , 12684
806219024703037440 , 6828 , 1293
805958939288408065 , 0 , 5855
805932879469572096 , 8791 , 2078
805826884734976000 , 6998 , 1992
805823200554876929 , 0 , 8751
805520635690676224 , 6104 , 1791
805487436403003392 , 9316 , 2753
805207613751304193 , 8287 , 1854
804738756058218496 , 14572 , 4181
804475857670639616 , 6523 , 2187
804413760345620481 , 0 , 3510
804026241225523202 , 47399 , 17665
803773340896923648 , 10681 , 3010
803692223237865472 , 0 , 8086
803638050916102144 , 11664 , 4493
803380650405482500 , 8247 , 2016
803321560782307329 , 0 , 5768
803276597545603072 , 10657 , 2679
802952499103731712 , 9601 , 2186
802624713319034886 , 0 , 3179
802600418706604034 , 7558 , 1602
802572683846291456 , 9499 , 2717
802323869084381190 , 17263 , 6346
802265048156610565 , 7019 , 1486
802239329049477120 , 9643 , 2840
802185808107208704 , 0 , 289
801958328846974976 , 8199 , 1859
801854953262350336 , 1873 , 255
801538201127157760 , 8723 , 2232
801285448605831168 , 6435 , 906
801167903437357056 , 26058 , 6461
801127390143516673 , 0 , 4304
801115127852503040 , 8596 , 2272
800859414831898624 , 734 , 104
800855607700029440 , 0 , 1775
800751577355128832 , 11174 , 3019
800513324630806528 , 13977 , 3281
800459316964663297 , 10064 , 2347
800443802682937345 , 0 , 4688
800388270626521089 , 11860 , 3056
800188575492947969 , 0 , 4298
800141422401830912 , 16297 , 2789
800018252395122689 , 30196 , 14333
799774291445383169 , 0 , 5088
799757965289017345 , 8939 , 2353
799422933579902976 , 8557 , 2082
799308762079035393 , 0 , 6003
799297110730567681 , 10534 , 3013
799063482566066176 , 8588 , 2681
798933969379225600 , 13974 , 4869
798925684722855936 , 7916 , 1554
798705661114773508 , 0 , 7179
798701998996647937 , 0 , 8483
798697898615730177 , 0 , 7075
798694562394996736 , 0 , 5397
798686750113755136 , 0 , 2522
798682547630837760 , 0 , 5135
798673117451325440 , 0 , 6034
798665375516884993 , 0 , 4241
798644042770751489 , 0 , 2016
798628517273620480 , 0 , 2141
798585098161549313 , 0 , 6213
798576900688019456 , 0 , 6368
798340744599797760 , 0 , 3655
798209839306514432 , 11034 , 2778
797971864723324932 , 12381 , 3420
797545162159308800 , 15443 , 5279
797236660651966464 , 21258 , 7227
797165961484890113 , 246 , 29
796904159865868288 , 0 , 9675
796865951799083009 , 8151 , 2071
796759840936919040 , 12610 , 3322
796563435802726400 , 0 , 7949
796484825502875648 , 8054 , 1921
796387464403357696 , 11699 , 4530
796177847564038144 , 0 , 15587
796149749086875649 , 34388 , 15587
796125600683540480 , 5260 , 1948
796116448414461957 , 9683 , 2633
796080075804475393 , 9008 , 2523
796031486298386433 , 11513 , 4008
795464331001561088 , 52960 , 25935
795400264262053889 , 10729 , 3122
795076730285391872 , 17270 , 5914
794983741416415232 , 0 , 3671
794926597468000259 , 10930 , 2509
794355576146903043 , 0 , 11204
794332329137291264 , 10200 , 2890
794205286408003585 , 9803 , 3604
793962221541933056 , 17893 , 5317
793845145112371200 , 9803 , 2039
793614319594401792 , 0 , 3402
793601777308463104 , 8480 , 1774
793500921481273345 , 11383 , 2587
793286476301799424 , 26167 , 10012
793271401113350145 , 9207 , 2584
793256262322548741 , 21266 , 9083
793241302385262592 , 11185 , 3563
793226087023144960 , 10467 , 3112
793210959003287553 , 9500 , 3057
793195938047070209 , 16253 , 6130
793180763617361921 , 7374 , 2171
793165685325201412 , 10017 , 3027
793150605191548928 , 6565 , 1853
793135492858580992 , 6873 , 2714
793120401413079041 , 13502 , 4253
792913359805018113 , 15252 , 4372
792883833364439040 , 12033 , 4654
792773781206999040 , 7810 , 1826
792394556390137856 , 14312 , 4672
792050063153438720 , 7627 , 1967
791821351946420224 , 0 , 22870
791784077045166082 , 0 , 10471
791780927877898241 , 0 , 4147
791774931465953280 , 48010 , 24179
791672322847637504 , 12498 , 3402
791406955684368384 , 13947 , 4482
791312159183634433 , 9349 , 2767
791026214425268224 , 0 , 4470
790987426131050500 , 10514 , 2325
790946055508652032 , 17676 , 5104
790723298204217344 , 0 , 2516
790698755171364864 , 8715 , 2079
790581949425475584 , 21987 , 7821
790337589677002753 , 8312 , 2026
790277117346975746 , 13352 , 3460
790227638568808452 , 0 , 3887
789986466051088384 , 9826 , 2516
789960241177853952 , 0 , 4496
789903600034189313 , 11044 , 4490
789628658055020548 , 7984 , 1939
789599242079838210 , 7194 , 2106
789530877013393408 , 12507 , 3671
789314372632018944 , 9169 , 2509
789280767834746880 , 0 , 5376
789268448748703744 , 9696 , 2812
789137962068021249 , 10328 , 3045
788908386943430656 , 29142 , 13474
788765914992902144 , 29152 , 11204
788552643979468800 , 0 , 7830
788412144018661376 , 16563 , 5756
788178268662984705 , 7681 , 2301
788150585577050112 , 6532 , 1416
788070120937619456 , 0 , 3725
788039637453406209 , 6536 , 1438
787810552592695296 , 9214 , 3325
787717603741622272 , 10864 , 3026
787397959788929025 , 11537 , 3082
787322443945877504 , 8274 , 1902
787111942498508800 , 0 , 7314
786963064373534720 , 28254 , 8675
786729988674449408 , 0 , 2611
786709082849828864 , 19314 , 6612
786664955043049472 , 11315 , 2778
786595970293370880 , 9995 , 3364
786363235746385920 , 11567 , 3799
786286427768250368 , 8448 , 3104
786233965241827333 , 16246 , 5182
786051337297522688 , 1526 , 168
786036967502913536 , 0 , 7660
785927819176054784 , 12058 , 3436
785872687017132033 , 7084 , 1978
785639753186217984 , 8299 , 2405
785533386513321988 , 9663 , 2173
785515384317313025 , 6480 , 1365
785264754247995392 , 7704 , 1767
785170936622350336 , 12827 , 5266
784826020293709826 , 10762 , 3510
784517518371221505 , 9510 , 2752
784431430411685888 , 6042 , 1390
784183165795655680 , 21322 , 8751
784057939640352768 , 31690 , 12080
783839966405230592 , 31864 , 11716
783821107061198850 , 7800 , 2118
783695101801398276 , 11081 , 3499
783466772167098368 , 8958 , 2439
783391753726550016 , 17875 , 5961
783347506784731136 , 0 , 6060
783334639985389568 , 30973 , 12684
783085703974514689 , 8621 , 2403
782969140009107456 , 25566 , 7959
782747134529531904 , 7914 , 1509
782722598790725632 , 18326 , 5855
782598640137187329 , 8254 , 2027
782305867769217024 , 17650 , 6042
782021823840026624 , 0 , 6748
781955203444699136 , 11778 , 3643
781661882474196992 , 11059 , 2936
781655249211752448 , 4237 , 1214
781524693396357120 , 21998 , 6009
781308096455073793 , 7540 , 2757
781251288990355457 , 8935 , 2269
781163403222056960 , 10355 , 2960
780931614150983680 , 22931 , 7949
780858289093574656 , 7628 , 2169
780800785462489090 , 5825 , 1406
780601303617732608 , 12812 , 3608
780543529827336192 , 6669 , 1868
780496263422808064 , 0 , 4012
780476555013349377 , 0 , 126
780459368902959104 , 5601 , 1156
780192070812196864 , 9215 , 2414
780092040432480260 , 0 , 2491
780074436359819264 , 12962 , 5399
779834332596887552 , 20070 , 7660
779377524342161408 , 9341 , 3366
779124354206535695 , 0 , 19913
779123168116150273 , 12491 , 3947
779056095788752897 , 15659 , 4889
778990705243029504 , 21162 , 7851
778774459159379968 , 0 , 10778
778764940568104960 , 909 , 397
778748913645780993 , 7299 , 1434
778650543019483137 , 6093 , 1618
778624900596654080 , 4915 , 1092
778408200802557953 , 14449 , 4698
778396591732486144 , 0 , 13235
778383385161035776 , 6187 , 1199
778286810187399168 , 10986 , 3563
778039087836069888 , 8952 , 2839
778027034220126208 , 6926 , 1752
777953400541634568 , 0 , 3808
777885040357281792 , 6734 , 1776
777684233540206592 , 11871 , 3179
777641927919427584 , 0 , 4587
777621514455814149 , 9270 , 2687
777189768882946048 , 15147 , 4669
776819012571455488 , 0 , 14866
776813020089548800 , 5163 , 1309
776477788987613185 , 9344 , 3011
776249906839351296 , 0 , 9865
776218204058357768 , 31699 , 17238
776201521193218049 , 10142 , 2717
776113305656188928 , 12411 , 4688
776088319444877312 , 1931 , 164
775898661951791106 , 0 , 17740
775842724423557120 , 12381 , 2886
775733305207554048 , 14629 , 4304
775729183532220416 , 13647 , 4921
775364825476165632 , 7853 , 3203
775350846108426240 , 10733 , 4200
775085132600442880 , 16415 , 5088
774757898236878852 , 9033 , 1907
774639387460112384 , 7098 , 1859
774314403806253056 , 23011 , 6003
773985732834758656 , 11336 , 4174
773922284943896577 , 6754 , 1867
773704687002451968 , 6975 , 1745
773670353721753600 , 5611 , 1395
773547596996571136 , 23332 , 6650
773336787167145985 , 0 , 5484
773308824254029826 , 24541 , 8041
773247561583001600 , 9941 , 3467
773191612633579521 , 10537 , 4427
772877495989305348 , 9051 , 4166
772826264096874500 , 8445 , 2518
772615324260794368 , 0 , 3628
772581559778025472 , 6842 , 1816
772193107915964416 , 6351 , 1493
772152991789019136 , 3991 , 1204
772117678702071809 , 3960 , 793
772114945936949249 , 2866 , 507
772102971039580160 , 4225 , 997
771908950375665664 , 6937 , 2043
771770456517009408 , 12657 , 3655
771500966810099713 , 8724 , 2821
771380798096281600 , 11085 , 5484
771171053431250945 , 0 , 8129
771136648247640064 , 9671 , 3154
771102124360998913 , 6577 , 1549
771014301343748096 , 7236 , 1776
771004394259247104 , 0 , 234
770787852854652928 , 5214 , 1305
770772759874076672 , 5470 , 1517
770655142660169732 , 7722 , 1873
770414278348247044 , 6627 , 2223
770293558247038976 , 6574 , 1600
770093767776997377 , 0 , 3268
770069151037685760 , 7979 , 2474
769940425801170949 , 33111 , 10372
769695466921623552 , 6732 , 1777
769335591808995329 , 0 , 8258
769212283578875904 , 5697 , 1839
768970937022709760 , 15183 , 7024
768909767477751808 , 0 , 2889
768855141948723200 , 4420 , 954
768609597686943744 , 4335 , 1295
768596291618299904 , 5286 , 1374
768554158521745409 , 0 , 6260
768473857036525572 , 14349 , 3682
768193404517830656 , 11487 , 3808
767884188863397888 , 5003 , 1503
767754930266464257 , 16876 , 5768
767500508068192258 , 7871 , 2506
767191397493538821 , 12916 , 4079
767122157629476866 , 10660 , 3057
766864461642756096 , 0 , 6058
766793450729734144 , 5343 , 1456
766714921925144576 , 2744 , 416
766693177336135680 , 4241 , 847
766423258543644672 , 6335 , 1707
766313316352462849 , 7141 , 2023
766078092750233600 , 0 , 2790
766069199026450432 , 4483 , 921
766008592277377025 , 3945 , 529
765719909049503744 , 7615 , 2302
765669560888528897 , 5470 , 1307
765395769549590528 , 27846 , 3645
765371061932261376 , 7457 , 2320
765222098633691136 , 12226 , 3628
764857477905154048 , 6767 , 1901
764259802650378240 , 6362 , 1624
763956972077010945 , 784 , 58
763837565564780549 , 13263 , 4470
763183847194451968 , 5673 , 1577
763167063695355904 , 0 , 3242
763103485927849985 , 7736 , 2451
762699858130116608 , 12794 , 3887
762471784394268675 , 11855 , 6936
762464539388485633 , 10838 , 4496
762316489655476224 , 5058 , 1207
762035686371364864 , 33620 , 16745
761976711479193600 , 5676 , 2161
761750502866649088 , 0 , 4221
761745352076779520 , 4467 , 920
761672994376806400 , 52118 , 31131
761599872357261312 , 4340 , 1261
761371037149827077 , 0 , 19267
761334018830917632 , 5461 , 1553
761292947749015552 , 4689 , 1176
761227390836215808 , 5583 , 1669
761004547850530816 , 11901 , 3725
760893934457552897 , 4015 , 1040
760656994973933572 , 6948 , 2064
760641137271070720 , 5208 , 1383
760539183865880579 , 7958 , 3892
760521673607086080 , 4439 , 1495
760290219849637889 , 28195 , 12302
760252756032651264 , 4140 , 927
760190180481531904 , 5980 , 1937
760153949710192640 , 0 , 33
759943073749200896 , 6231 , 2238
759923798737051648 , 15408 , 6058
759846353224826880 , 7050 , 2125
759793422261743616 , 6259 , 2035
759566828574212096 , 0 , 22628
759557299618865152 , 4922 , 1255
759447681597108224 , 8915 , 2611
759446261539934208 , 1757 , 521
759197388317847553 , 6354 , 2085
759159934323924993 , 0 , 1242
759099523532779520 , 15256 , 4467
759047813560868866 , 6829 , 2168
758854675097526272 , 3728 , 958
758828659922702336 , 11717 , 4093
758740312047005698 , 6009 , 1722
758474966123810816 , 4012 , 1064
758467244762497024 , 5036 , 2378
758405701903519748 , 5459 , 2068
758355060040593408 , 3599 , 1158
758099635764359168 , 20144 , 10778
758041019896193024 , 2840 , 401
757741869644341248 , 7220 , 3480
757729163776290825 , 0 , 8677
757725642876129280 , 4754 , 1302
757611664640446465 , 4788 , 1194
757597904299253760 , 0 , 313
757596066325864448 , 4556 , 1132
757400162377592832 , 15877 , 7323
757393109802180609 , 6112 , 1870
757354760399941633 , 4734 , 1523
756998049151549440 , 6577 , 2127
756939218950160384 , 6974 , 2150
756651752796094464 , 5309 , 1398
756526248105566208 , 10903 , 3863
756303284449767430 , 4136 , 1161
756288534030475264 , 44933 , 18669
756275833623502848 , 6722 , 1625
755955933503782912 , 7690 , 3094
755206590534418437 , 17265 , 5764
755110668769038337 , 22256 , 11842
754874841593970688 , 0 , 8564
754856583969079297 , 7203 , 2699
754747087846248448 , 2700 , 555
754482103782404096 , 5556 , 2086
754449512966619136 , 3923 , 780
754120377874386944 , 8220 , 2495
753655901052166144 , 6133 , 2321
753420520834629632 , 8307 , 3817
753398408988139520 , 6043 , 2053
753375668877008896 , 8005 , 2491
753298634498793472 , 0 , 6151
753294487569522689 , 3553 , 1116
753039830821511168 , 38926 , 22366
753026973505581056 , 4084 , 1043
752932432744185856 , 13238 , 7314
752917284578922496 , 7229 , 1684
752701944171524096 , 0 , 3091
752682090207055872 , 6267 , 1716
752660715232722944 , 4617 , 1681
752568224206688256 , 5788 , 2442
752519690950500352 , 7722 , 3685
752334515931054080 , 4000 , 1178
752309394570878976 , 0 , 17858
752173152931807232 , 6232 , 1969
751950017322246144 , 3216 , 993
751937170840121344 , 5457 , 1438
751830394383790080 , 6070 , 2089
751793661361422336 , 6137 , 3104
751598357617971201 , 8269 , 3246
751583847268179968 , 4607 , 1184
751538714308972544 , 5272 , 1351
751456908746354688 , 3357 , 1070
751251247299190784 , 13075 , 6267
751205363882532864 , 6596 , 1955
751132876104687617 , 5305 , 1389
750868782890057730 , 5002 , 1474
750719632563142656 , 13825 , 5376
750506206503038976 , 4645 , 1223
750429297815552001 , 13796 , 4587
750383411068534784 , 4763 , 1216
750381685133418496 , 724 , 30
750147208377409536 , 3250 , 1028
750132105863102464 , 3803 , 1363
750117059602808832 , 4528 , 1383
750101899009982464 , 3174 , 899
750086836815486976 , 2274 , 576
750071704093859840 , 8219 , 3567
750056684286914561 , 3289 , 955
750041628174217216 , 3316 , 657
750026558547456000 , 2832 , 838
750011400160841729 , 3395 , 967
749996283729883136 , 3179 , 862
749981277374128128 , 5343 , 2610
749774190421639168 , 4869 , 1400
749417653287129088 , 6379 , 1770
749403093750648834 , 2743 , 578
749395845976588288 , 8987 , 3688
749317047558017024 , 5730 , 2356
749075273010798592 , 6013 , 2208
749064354620928000 , 4995 , 1614
749036806121881602 , 3244 , 833
748977405889503236 , 11216 , 3624
748932637671223296 , 6097 , 2406
748705597323898880 , 2887 , 1009
748699167502000129 , 4942 , 1699
748692773788876800 , 4428 , 1411
748575535303884801 , 6334 , 2105
748568946752774144 , 2285 , 712
748346686624440324 , 5451 , 1319
748337862848962560 , 8017 , 4384
748324050481647620 , 3860 , 815
748307329658011649 , 3828 , 756
748220828303695873 , 14768 , 8291
747963614829678593 , 6034 , 2274
747933425676525569 , 6910 , 2711
747885874273214464 , 3074 , 1047
747844099428986880 , 2935 , 795
747816857231626240 , 5051 , 1234
747651430853525504 , 1442 , 164
747648653817413632 , 13470 , 6210
747600769478692864 , 2422 , 584
747594051852075008 , 3851 , 1116
747512671126323200 , 5775 , 1686
747461612269887489 , 4030 , 1092
747439450712596480 , 5657 , 2045
747242308580548608 , 0 , 3053
747219827526344708 , 5513 , 1676
747204161125646336 , 3523 , 975
747103485104099331 , 9986 , 4235
746906459439529985 , 3008 , 313
746872823977771008 , 6256 , 2280
746818907684614144 , 5535 , 1831
746790600704425984 , 5083 , 1689
746757706116112384 , 9979 , 4147
746726898085036033 , 6289 , 1901
746542875601690625 , 5248 , 1984
746521445350707200 , 0 , 1042
746507379341139972 , 4834 , 1147
746369468511756288 , 6432 , 1743
746131877086527488 , 7191 , 2341
746056683365994496 , 3690 , 862
745789745784041472 , 4192 , 1131
745712589599014916 , 7278 , 2463
745433870967832576 , 7384 , 2692
745422732645535745 , 8947 , 2572
745314880350101504 , 7483 , 2943
745074613265149952 , 8155 , 3739
745057283344719872 , 7532 , 2411
744995568523612160 , 3094 , 658
744971049620602880 , 8204 , 2858
744709971296780288 , 5821 , 1649
744334592493166593 , 7045 , 2258
744234799360020481 , 163094 , 82928
744223424764059648 , 1750 , 392
743980027717509120 , 4327 , 1152
743895849529389061 , 3785 , 1014
743835915802583040 , 0 , 2205
743609206067040256 , 4657 , 1456
743595368194129920 , 19184 , 6962
743545585370791937 , 3664 , 987
743510151680958465 , 8232 , 3922
743253157753532416 , 4403 , 1293
743222593470234624 , 6445 , 2014
743210557239623680 , 3999 , 1445
742534281772302336 , 7341 , 3760
742528092657332225 , 4607 , 2112
742465774154047488 , 7553 , 4121
742423170473463808 , 10227 , 4012
742385895052087300 , 7078 , 2100
742161199639494656 , 4511 , 1457
742150209887731712 , 5341 , 1646
741793263812808706 , 4740 , 1592
741743634094141440 , 8508 , 2920
741438259667034112 , 3817 , 879
741303864243200000 , 9121 , 3411
741099773336379392 , 10428 , 5873
741067306818797568 , 9829 , 3268
740995100998766593 , 6648 , 2931
740711788199743490 , 3540 , 988
740699697422163968 , 2950 , 825
740676976021798912 , 18876 , 7179
740373189193256964 , 36231 , 14068
740365076218183684 , 2572 , 455
740359016048689152 , 3426 , 903
740214038584557568 , 6947 , 2076
739979191639244800 , 20771 , 6260
739932936087216128 , 4209 , 1137
739844404073074688 , 3943 , 902
739623569819336705 , 3951 , 1439
739606147276148736 , 5583 , 1750
739544079319588864 , 41236 , 22628
739485634323156992 , 7468 , 3104
739238157791694849 , 120504 , 61414
738891149612572673 , 112 , 6
738885046782832640 , 3914 , 1205
738883359779196928 , 3461 , 855
738537504001953792 , 5293 , 1640
738402415918125056 , 3375 , 887
738184450748633089 , 4478 , 1273
738166403467907072 , 9138 , 3595
738156290900254721 , 2621 , 690
737826014890496000 , 5478 , 1856
737800304142471168 , 10379 , 3654
737678689543020544 , 5233 , 1404
737445876994609152 , 10678 , 4710
737322739594330112 , 3748 , 854
737310737551491075 , 15259 , 7844
736736130620620800 , 4470 , 1834
736392552031657984 , 18428 , 7830
736365877722001409 , 4132 , 1319
736225175608430592 , 8436 , 2923
736010884653420544 , 8191 , 3140
735991953473572864 , 3732 , 1217
735648611367784448 , 4152 , 1162
735635087207878657 , 6414 , 2477
735274964362878976 , 13516 , 5357
735256018284875776 , 3466 , 936
735137028879360001 , 3239 , 1024
734912297295085568 , 2843 , 546
734787690684657664 , 13035 , 6652
734776360183431168 , 2605 , 573
734559631394082816 , 1549 , 418
733828123016450049 , 3717 , 821
733822306246479872 , 3798 , 1064
733482008106668032 , 3263 , 995
733460102733135873 , 4359 , 1345
733109485275860992 , 51095 , 17740
732732193018155009 , 2527 , 561
732726085725589504 , 3662 , 928
732585889486888962 , 3816 , 816
732375214819057664 , 8387 , 2658
732005617171337216 , 15484 , 5752
731285275100512256 , 3621 , 1033
731156023742988288 , 3975 , 1343
730924654643314689 , 6358 , 2085
730573383004487680 , 5088 , 2265
730427201120833536 , 3595 , 1102
730211855403241472 , 3968 , 1112
730196704625098752 , 5051 , 2027
729854734790754305 , 4187 , 1187
729838605770891264 , 1769 , 406
729823566028484608 , 4138 , 1305
729463711119904772 , 6017 , 2441
729113531270991872 , 1956 , 346
728986383096946689 , 3270 , 861
728760639972315136 , 4847 , 1796
728751179681943552 , 2875 , 711
728653952833728512 , 3426 , 1088
728409960103686147 , 5086 , 2108
728387165835677696 , 3802 , 1010
728046963732717569 , 4462 , 1240
728035342121635841 , 4718 , 1755
728015554473250816 , 4245 , 1158
727685679342333952 , 3040 , 667
727644517743104000 , 6110 , 1836
727524757080539137 , 4634 , 1284
727314416056803329 , 3457 , 788
727286334147182592 , 3147 , 859
727175381690781696 , 4025 , 1452
727155742655025152 , 3780 , 1399
726935089318363137 , 7137 , 2580
726887082820554753 , 3972 , 1586
726828223124897792 , 3679 , 1051
726224900189511680 , 4568 , 1206
725842289046749185 , 7300 , 2790
725786712245440512 , 4310 , 1431
725729321944506368 , 5375 , 1878
725458796924002305 , 1459 , 654
724983749226668032 , 3844 , 1370
724771698126512129 , 2456 , 675
724405726123311104 , 5484 , 1729
724049859469295616 , 4473 , 1861
724046343203856385 , 2752 , 591
724004602748780546 , 4335 , 1653
723912936180330496 , 4035 , 1292
723688335806480385 , 7965 , 3131
723673163800948736 , 3131 , 939
723179728551723008 , 5472 , 1973
722974582966214656 , 4248 , 1648
722613351520608256 , 5138 , 1723
721503162398597120 , 4816 , 1973
721001180231503872 , 2616 , 646
720785406564900865 , 3225 , 806
720775346191278080 , 2569 , 712
720415127506415616 , 4285 , 1579
720389942216527872 , 6621 , 2643
720340705894408192 , 2969 , 1029
720059472081784833 , 4025 , 1180
720043174954147842 , 5081 , 2109
719991154352222208 , 4998 , 1833
719704490224398336 , 4712 , 1522
719551379208073216 , 5232 , 2029
719367763014393856 , 2887 , 780
719339463458033665 , 4561 , 1314
719332531645071360 , 3539 , 1003
718971898235854848 , 3609 , 1151
718939241951195136 , 5416 , 1853
718631497683582976 , 19539 , 8483
718613305783398402 , 2518 , 505
718540630683709445 , 2561 , 1067
718460005985447936 , 2792 , 551
718454725339934721 , 5035 , 1587
718246886998687744 , 1997 , 524
718234618122661888 , 4009 , 1058
717841801130979328 , 2536 , 622
717790033953034240 , 2985 , 1186
717537687239008257 , 5950 , 1934
717428917016076293 , 1663 , 474
717421804990701568 , 3258 , 882
717047459982213120 , 6486 , 2012
717009362452090881 , 3385 , 1023
716802964044845056 , 4438 , 1241
716791146589110272 , 6206 , 1509
716730379797970944 , 1276 , 451
716447146686459905 , 13548 , 6207
716439118184652801 , 2446 , 222
716285507865542656 , 2881 , 1139
716080869887381504 , 6964 , 2017
715928423106027520 , 3297 , 919
715758151270801409 , 3858 , 1501
715733265223708672 , 4836 , 1772
715704790270025728 , 2893 , 596
715696743237730304 , 4039 , 1353
715680795826982913 , 4478 , 1704
715360349751484417 , 5663 , 1654
715342466308784130 , 3138 , 719
715220193576927233 , 2505 , 687
715200624753819648 , 5304 , 1984
715009755312439296 , 4312 , 1298
714982300363173890 , 3890 , 1083
714962719905021952 , 7622 , 4494
714957620017307648 , 4277 , 1491
714631576617938945 , 3385 , 1056
714606013974974464 , 3758 , 971
714485234495041536 , 2808 , 1221
714258258790387713 , 3136 , 754
714251586676113411 , 3383 , 880
714214115368108032 , 2353 , 922
714141408463036416 , 4467 , 1478
713919462244790272 , 3395 , 815
713909862279876608 , 1984 , 569
713900603437621249 , 2944 , 776
713761197720473600 , 5058 , 1448
713411074226274305 , 4576 , 1361
713177543487135744 , 7468 , 2971
713175907180089344 , 4617 , 1532
712809025985978368 , 19232 , 7075
712717840512598017 , 12802 , 5260
712668654853337088 , 4309 , 1279
712438159032893441 , 5519 , 1646
712309440758808576 , 252 , 25
712097430750289920 , 3931 , 1092
712092745624633345 , 3049 , 941
712085617388212225 , 3370 , 509
712065007010385924 , 2346 , 661
711998809858043904 , 0 , 131
711968124745228288 , 8359 , 2440
711743778164514816 , 2947 , 1035
711732680602345472 , 9212 , 4344
711694788429553666 , 34062 , 19267
711652651650457602 , 4008 , 967
711363825979756544 , 3798 , 1191
711306686208872448 , 3436 , 769
711008018775851008 , 3102 , 646
710997087345876993 , 4725 , 1460
710844581445812225 , 2642 , 726
710833117892898816 , 2792 , 564
710658690886586372 , 2393 , 593
710609963652087808 , 4971 , 2484
710588934686908417 , 4712 , 1972
710296729921429505 , 2454 , 777
710283270106132480 , 2219 , 542
710272297844797440 , 4707 , 1319
710269109699739648 , 2489 , 1185
710153181850935296 , 3014 , 940
710140971284037632 , 2868 , 934
710117014656950272 , 5706 , 2101
709918798883774466 , 3099 , 1120
709901256215666688 , 698 , 105
709852847387627521 , 3644 , 1259
709566166965075968 , 3674 , 1267
709556954897764353 , 3414 , 1117
709519240576036864 , 1542 , 248
709449600415961088 , 2318 , 609
709409458133323776 , 2714 , 725
709225125749587968 , 2498 , 601
709207347839836162 , 13066 , 6161
709198395643068416 , 2513 , 673
709179584944730112 , 2084 , 704
709158332880297985 , 2116 , 440
709042156699303936 , 4937 , 1724
708853462201716736 , 1858 , 691
708845821941387268 , 3095 , 945
708834316713893888 , 1754 , 531
708810915978854401 , 17107 , 7314
708738143638450176 , 2848 , 862
708711088997666817 , 2646 , 758
708479650088034305 , 2642 , 707
708469915515297792 , 3203 , 863
708400866336894977 , 16613 , 10670
708356463048204288 , 3739 , 1402
708349470027751425 , 2435 , 775
708149363256774660 , 4438 , 1615
708130923141795840 , 3518 , 880
708119489313951744 , 2779 , 1028
708109389455101952 , 2001 , 569
708026248782585858 , 4527 , 2017
707995814724026368 , 3255 , 1182
707983188426153984 , 51 , 2
707969809498152960 , 2808 , 1019
707776935007539200 , 3410 , 997
707741517457260545 , 2593 , 645
707738799544082433 , 4253 , 2612
707693576495472641 , 3569 , 1055
707629649552134146 , 2672 , 928
707610948723478529 , 17603 , 6748
707420581654872064 , 2365 , 729
707411934438625280 , 2372 , 624
707387676719185920 , 3637 , 1364
707377100785885184 , 3406 , 1137
707315916783140866 , 2571 , 675
707297311098011648 , 2875 , 832
707059547140169728 , 2680 , 712
707038192327901184 , 2273 , 834
707021089608753152 , 4231 , 1440
707014260413456384 , 2393 , 625
706904523814649856 , 15148 , 8258
706901761596989440 , 2144 , 629
706681918348251136 , 3455 , 1019
706644897839910912 , 2676 , 1155
706593038911545345 , 2235 , 661
706538006853918722 , 3591 , 1487
706516534877929472 , 3216 , 1090
706346369204748288 , 3579 , 969
706310011488698368 , 22187 , 8415
706291001778950144 , 1766 , 492
706265994973601792 , 2834 , 970
706169069255446529 , 4050 , 2344
706166467411222528 , 5340 , 1693
706153300320784384 , 1542 , 402
705975130514706432 , 3224 , 773
705970349788291072 , 3258 , 936
705898680587526145 , 2469 , 585
705786532653883392 , 2021 , 552
705591895322394625 , 3296 , 1216
705475953783398401 , 3063 , 968
705442520700944385 , 4620 , 1730
705428427625635840 , 3963 , 1776
705239209544720384 , 3110 , 784
705223444686888960 , 2672 , 848
705102439679201280 , 2237 , 537
705066031337840642 , 2255 , 635
704871453724954624 , 4431 , 1171
704859558691414016 , 2339 , 573
704847917308362754 , 5297 , 1618
704819833553219584 , 2739 , 1046
704761120771465216 , 6887 , 3053
704499785726889984 , 3043 , 1053
704491224099647488 , 793 , 84
704480331685040129 , 3527 , 1114
704364645503647744 , 8332 , 3745
704347321748819968 , 1653 , 365
704134088924532736 , 1564 , 493
704113298707505153 , 1923 , 594
704054845121142784 , 3031 , 956
703774238772166656 , 1908 , 489
703769065844768768 , 3414 , 1200
703631701117943808 , 2699 , 723
703611486317502464 , 4011 , 1594
703425003149250560 , 3942 , 1452
703407252292673536 , 2544 , 733
703382836347330562 , 3645 , 1192
703356393781329922 , 1987 , 405
703268521220972544 , 2041 , 572
703079050210877440 , 7697 , 3272
703041949650034688 , 27393 , 13235
702932127499816960 , 2697 , 761
702899151802126337 , 1676 , 478
702684942141153280 , 3348 , 1140
702671118226825216 , 2286 , 592
702598099714314240 , 12661 , 3617
702539513671897089 , 2986 , 1010
702332542343577600 , 3316 , 1645
702321140488925184 , 3408 , 1088
702276748847800320 , 2570 , 806
702217446468493312 , 4989 , 1408
701981390485725185 , 3586 , 1049
701952816642965504 , 3973 , 1078
701889187134500865 , 3685 , 1453
701805642395348998 , 3565 , 1784
701601587219795968 , 2169 , 481
701570477911896070 , 2924 , 983
701545186879471618 , 2764 , 645
701214700881756160 , 12685 , 5397
700890391244103680 , 2299 , 606
700864154249383937 , 2689 , 647
700847567345688576 , 2522 , 528
700796979434098688 , 2533 , 1009
700747788515020802 , 23761 , 9865
700518061187723268 , 2741 , 848
700505138482569216 , 2378 , 600
700462010979500032 , 4303 , 1899
700167517596164096 , 2746 , 784
700151421916807169 , 2322 , 700
700143752053182464 , 7833 , 2889
700062718104104960 , 2754 , 731
700029284593901568 , 2153 , 615
700002074055016451 , 3442 , 1417
699801817392291840 , 3189 , 1011
699788877217865730 , 2323 , 525
699779630832685056 , 2878 , 1314
699775878809702401 , 2032 , 639
699691744225525762 , 10657 , 4852
699446877801091073 , 6182 , 2754
699434518667751424 , 2249 , 536
699423671849451520 , 1430 , 349
699413908797464576 , 2152 , 648
699370870310113280 , 1958 , 460
699323444782047232 , 3288 , 912
699088579889332224 , 2335 , 665
699079609774645248 , 2549 , 691
699072405256409088 , 3129 , 1255
699060279947165696 , 3928 , 1905
699036661657767936 , 2709 , 1262
698989035503689728 , 3508 , 1038
698953797952008193 , 2810 , 956
698907974262222848 , 2641 , 658
698710712454139905 , 2574 , 720
698703483621523456 , 1511 , 401
698635131305795584 , 1341 , 358
698549713696649216 , 2420 , 651
698355670425473025 , 1948 , 478
698342080612007937 , 2350 , 999
698262614669991936 , 4936 , 2125
698195409219559425 , 17432 , 6289
698178924120031232 , 2918 , 786
697995514407682048 , 1590 , 353
697990423684476929 , 3417 , 1369
697943111201378304 , 2493 , 724
697881462549430272 , 3141 , 1259
697630435728322560 , 1821 , 568
697616773278015490 , 3283 , 1069
697596423848730625 , 3156 , 1329
697575480820686848 , 2121 , 525
697516214579523584 , 2157 , 1193
697482927769255936 , 2515 , 710
697463031882764288 , 3541 , 1459
697270446429966336 , 4859 , 1965
697259378236399616 , 3420 , 1050
697255105972801536 , 3144 , 1222
697242256848379904 , 2614 , 704
696900204696625153 , 3313 , 1078
696894894812565505 , 2429 , 709
696886256886657024 , 5039 , 1900
696877980375769088 , 2534 , 746
696754882863349760 , 1539 , 377
696744641916489729 , 2150 , 989
696713835009417216 , 2465 , 679
696518437233913856 , 4052 , 1793
696490539101908992 , 1270 , 152
696488710901260288 , 2643 , 1085
696405997980676096 , 3343 , 1204
696100768806522880 , 2016 , 701
695816827381944320 , 3131 , 1231
695794761660297217 , 3311 , 821
695767669421768709 , 1946 , 790
695629776980148225 , 4747 , 2219
695446424020918272 , 4550 , 1912
695409464418041856 , 8998 , 3771
695314793360662529 , 3782 , 1548
695095422348574720 , 2746 , 650
695074328191332352 , 2961 , 1170
695064344191721472 , 1672 , 635
695051054296211456 , 2768 , 832
694925794720792577 , 2805 , 963
694905863685980160 , 2859 , 982
694669722378485760 , 37191 , 15264
694356675654983680 , 1568 , 302
694352839993344000 , 2127 , 656
694342028726001664 , 1637 , 509
694329668942569472 , 2087 , 526
694206574471057408 , 4352 , 2142
694183373896572928 , 3068 , 982
694001791655137281 , 3533 , 1087
693993230313091072 , 1946 , 427
693942351086120961 , 1802 , 387
693647888581312512 , 2809 , 625
693644216740769793 , 1397 , 132
693642232151285760 , 2638 , 436
693629975228977152 , 2554 , 839
693622659251335168 , 1609 , 389
693590843962331137 , 5266 , 2087
693582294167244802 , 1712 , 270
693486665285931008 , 1853 , 668
693280720173801472 , 3501 , 1306
693267061318012928 , 2483 , 860
693262851218264065 , 2324 , 527
693231807727280129 , 2986 , 773
693155686491000832 , 8193 , 3388
693109034023534592 , 1787 , 648
693095443459342336 , 1950 , 487
692919143163629568 , 2769 , 789
692905862751522816 , 2539 , 924
692901601640583168 , 1857 , 637
692894228850999298 , 2369 , 854
692828166163931137 , 3004 , 927
692752401762250755 , 7104 , 3835
692568918515392513 , 4531 , 1622
692535307825213440 , 3320 , 1437
692530551048294401 , 1921 , 441
692423280028966913 , 1538 , 242
692417313023332352 , 9712 , 3675
692187005137076224 , 2630 , 863
692158366030913536 , 2237 , 836
692142790915014657 , 1714 , 415
692041934689402880 , 3541 , 1348
692017291282812928 , 2985 , 1006
691820333922455552 , 4107 , 1755
691793053716221953 , 8441 , 4442
691756958957883396 , 3010 , 1074
691675652215414786 , 2024 , 531
691483041324204033 , 2476 , 595
691459709405118465 , 4222 , 1216
691444869282295808 , 2755 , 890
691416866452082688 , 20114 , 8086
691321916024623104 , 2674 , 695
691096613310316544 , 3077 , 933
691090071332753408 , 1784 , 355
690989312272396288 , 6135 , 3026
690959652130045952 , 3739 , 1325
690938899477221376 , 4291 , 2102
690932576555528194 , 3416 , 1081
690735892932222976 , 3939 , 1346
690728923253055490 , 2263 , 544
690690673629138944 , 2420 , 845
690649993829576704 , 1363 , 293
690607260360429569 , 305 , 17
690597161306841088 , 2044 , 637
690400367696297985 , 1953 , 477
690374419777196032 , 3399 , 907
690360449368465409 , 2753 , 944
690348396616552449 , 1572 , 544
690248561355657216 , 1747 , 434
690021994562220032 , 2901 , 1095
690015576308211712 , 2615 , 782
690005060500217858 , 3821 , 1784
689999384604450816 , 1486 , 395
689993469801164801 , 1521 , 480
689977555533848577 , 1427 , 471
689905486972461056 , 2526 , 731
689877686181715968 , 3151 , 1245
689835978131935233 , 2253 , 796
689661964914655233 , 3334 , 984
689659372465688576 , 10778 , 4093
689623661272240129 , 2319 , 678
689599056876867584 , 12093 , 5852
689557536375177216 , 2129 , 485
689517482558820352 , 3537 , 1513
689289219123089408 , 2349 , 995
689283819090870273 , 3421 , 1165
689280876073582592 , 2073 , 754
689275259254616065 , 1205 , 260
689255633275777024 , 2665 , 1144
689154315265683456 , 3187 , 1058
689143371370250240 , 2104 , 541
688916208532455424 , 2847 , 921
688908934925697024 , 2202 , 821
688898160958271489 , 2190 , 837
688894073864884227 , 2332 , 735
688828561667567616 , 1434 , 393
688804835492233216 , 1005 , 205
688789766343622656 , 2311 , 699
688547210804498433 , 2721 , 741
688519176466644993 , 2409 , 777
688385280030670848 , 9655 , 4707
688211956440801280 , 2322 , 878
688179443353796608 , 2204 , 619
688116655151435777 , 2946 , 825
688064179421470721 , 1804 , 381
687841446767013888 , 5696 , 2675
687826841265172480 , 2842 , 1191
687818504314159109 , 2604 , 1007
687807801670897665 , 2498 , 743
687732144991551489 , 1839 , 697
687704180304273409 , 2543 , 884
687664829264453632 , 2015 , 538
687494652870668288 , 1986 , 607
687480748861947905 , 1661 , 255
687476254459715584 , 2059 , 563
687460506001633280 , 2130 , 573
687399393394311168 , 1967 , 663
687317306314240000 , 20913 , 9675
687312378585812992 , 4538 , 2012
687127927494963200 , 5682 , 2422
687124485711986689 , 2258 , 532
687109925361856513 , 6057 , 2609
687102708889812993 , 2432 , 1044
687096057537363968 , 2341 , 639
686947101016735744 , 8971 , 3365
686760001961103360 , 3663 , 1459
686749460672679938 , 3615 , 1544
686730991906516992 , 4324 , 1270
686683045143953408 , 2926 , 850
686618349602762752 , 3837 , 1443
686606069955735556 , 1974 , 576
686394059078897668 , 1811 , 717
686386521809772549 , 3391 , 929
686377065986265092 , 2308 , 595
686358356425093120 , 2289 , 717
686286779679375361 , 4160 , 1762
686050296934563840 , 2293 , 769
686035780142297088 , 1204 , 129
686034024800862208 , 3241 , 1233
686007916130873345 , 2587 , 448
686003207160610816 , 1899 , 675
685973236358713344 , 2199 , 555
685943807276412928 , 1691 , 635
685906723014619143 , 7830 , 3087
685681090388975616 , 2120 , 134
685667379192414208 , 2440 , 604
685663452032069632 , 3388 , 1549
685641971164143616 , 3055 , 828
685547936038666240 , 34325 , 16624
685532292383666176 , 3164 , 1223
685325112850124800 , 9871 , 4221
685321586178670592 , 2757 , 680
685315239903100929 , 3488 , 1146
685307451701334016 , 2154 , 465
685268753634967552 , 3222 , 1274
685198997565345792 , 2430 , 704
685169283572338688 , 4261 , 1507
684969860808454144 , 2459 , 399
684959798585110529 , 7087 , 3319
684940049151070208 , 3349 , 1104
684926975086034944 , 3642 , 493
684914660081053696 , 3659 , 1553
684902183876321280 , 1957 , 562
684880619965411328 , 2186 , 869
684830982659280897 , 36449 , 22870
684800227459624960 , 2830 , 1058
684594889858887680 , 9292 , 3742
684588130326986752 , 4279 , 1491
684567543613382656 , 3135 , 1301
684538444857667585 , 2751 , 1009
684481074559381504 , 4042 , 1238
684460069371654144 , 2067 , 589
684241637099323392 , 8489 , 3512
684225744407494656 , 1286 , 226
684222868335505415 , 3984 , 1460
684200372118904832 , 2252 , 1089
684195085588783105 , 1996 , 550
684188786104872960 , 3622 , 1246
684177701129875456 , 2103 , 712
684147889187209216 , 3098 , 1582
684122891630342144 , 2078 , 500
684097758874210310 , 4274 , 1523
683857920510050305 , 3961 , 1184
683852578183077888 , 2010 , 371
683849932751646720 , 2728 , 1038
683834909291606017 , 2728 , 1175
683828599284170753 , 2916 , 1121
683773439333797890 , 3484 , 1437
683742671509258241 , 6765 , 3519
683515932363329536 , 7657 , 3091
683498322573824003 , 3301 , 1022
683481228088049664 , 2747 , 1055
683462770029932544 , 2522 , 710
683449695444799489 , 4060 , 1706
683391852557561860 , 7928 , 2522
683357973142474752 , 3052 , 995
683142553609318400 , 3002 , 1104
683111407806746624 , 3530 , 964
683098815881154561 , 2256 , 701
683078886620553216 , 2064 , 597
683030066213818368 , 2235 , 772
682962037429899265 , 38463 , 17679
682808988178739200 , 1849 , 191
682788441537560576 , 2571 , 1185
682750546109968385 , 1586 , 463
682697186228989953 , 1370 , 380
682662431982772225 , 3170 , 1147
682638830361513985 , 2140 , 641
682429480204398592 , 3576 , 1238
682406705142087680 , 7893 , 1867
682393905736888321 , 2331 , 726
682389078323662849 , 1733 , 495
682303737705140231 , 3198 , 1062
682259524040966145 , 4338 , 1284
682242692827447297 , 3395 , 1251
682088079302213632 , 19001 , 10471
682059653698686977 , 5152 , 1789
682047327939461121 , 3336 , 1022
682032003584274432 , 6846 , 2132
682003177596559360 , 3282 , 1627
681981167097122816 , 2909 , 1093
681891461017812993 , 2566 , 872
681694085539872773 , 13297 , 4298
681679526984871937 , 1838 , 476
681654059175129088 , 2737 , 984
681610798867845120 , 1987 , 504
681579835668455424 , 3691 , 1377
681523177663676416 , 14899 , 6151
681340665377193984 , 1705 , 295
681339448655802368 , 9673 , 4306
681320187870711809 , 2760 , 797
681302363064414209 , 4102 , 1936
681297372102656000 , 3336 , 1017
681281657291280384 , 3345 , 1168
681261549936340994 , 1517 , 290
681242418453299201 , 1559 , 571
681231109724700672 , 2495 , 513
681193455364796417 , 3859 , 1572
680970795137544192 , 2524 , 709
680959110691590145 , 4736 , 2119
680940246314430465 , 3349 , 1120
680934982542561280 , 2159 , 466
680913438424612864 , 2493 , 656
680889648562991104 , 1836 , 385
680836378243002368 , 3600 , 1407
680805554198020098 , 2246 , 701
680801747103793152 , 2460 , 873
680798457301471234 , 2971 , 1105
680609293079592961 , 2740 , 754
680583894916304897 , 3769 , 1427
680497766108381184 , 4396 , 2017
680494726643068929 , 1786 , 510
680473011644985345 , 2650 , 790
680440374763077632 , 1513 , 535
680221482581123072 , 1517 , 306
680206703334408192 , 2951 , 1250
680191257256136705 , 2231 , 532
680176173301628928 , 4055 , 1660
680161097740095489 , 2410 , 779
680145970311643136 , 3756 , 1849
680130881361686529 , 2368 , 1005
680115823365742593 , 2812 , 959
680100725817409536 , 3707 , 1445
680085611152338944 , 13268 , 9472
680070545539371008 , 2679 , 929
679877062409191424 , 2051 , 684
679872969355714560 , 2262 , 700
679862121895714818 , 2550 , 656
679854723806179328 , 2969 , 1304
679844490799091713 , 2461 , 806
679828447187857408 , 37618 , 14866
679777920601223168 , 3201 , 1178
679736210798047232 , 2169 , 839
679729593985699840 , 2249 , 868
679722016581222400 , 1719 , 496
679530280114372609 , 4947 , 2198
679527802031484928 , 2747 , 763
679511351870550016 , 3502 , 1343
679503373272485890 , 3255 , 1557
679475951516934144 , 2168 , 673
679462823135686656 , 32909 , 19913
679405845277462528 , 2463 , 1270
679158373988876288 , 22220 , 8564
679148763231985668 , 2872 , 1090
679132435750195208 , 3077 , 1225
679111216690831360 , 6174 , 2702
679062614270468097 , 17662 , 8677
679047485189439488 , 2328 , 715
679001094530465792 , 2926 , 1305
678991772295516161 , 2408 , 1244
678969228704284672 , 1700 , 487
678800283649069056 , 2666 , 953
678798276842360832 , 3597 , 1253
678774928607469569 , 2894 , 968
678767140346941444 , 3663 , 1442
678764513869611008 , 1693 , 503
678755239630127104 , 7395 , 3491
678740035362037760 , 3891 , 1792
678708137298427904 , 5761 , 2552
678675843183484930 , 2975 , 1561
678643457146150913 , 2119 , 446
678446151570427904 , 4134 , 1652
678424312106393600 , 5593 , 2678
678410210315247616 , 4378 , 1923
678399652199309312 , 81801 , 33470
678396796259975168 , 1644 , 443
678389028614488064 , 1931 , 441
678380236862578688 , 2523 , 960
678341075375947776 , 1788 , 566
678334497360859136 , 1343 , 273
678278586130948096 , 11841 , 6400
678255464182861824 , 1637 , 393
678023323247357953 , 1993 , 405
678021115718029313 , 14183 , 6721
677961670166224897 , 3532 , 1774
677918531514703872 , 1398 , 432
677895101218201600 , 4984 , 2221
677716515794329600 , 3156 , 1016
677700003327029250 , 3502 , 1524
677698403548192770 , 1266 , 336
677687604918272002 , 2556 , 892
677673981332312066 , 3448 , 1575
677662372920729601 , 2010 , 1025
677644091929329666 , 1922 , 837
677573743309385728 , 2207 , 762
677565715327688705 , 1334 , 481
677557565589463040 , 2511 , 1222
677547928504967168 , 7147 , 3828
677530072887205888 , 1108 , 238
677335745548390400 , 3133 , 1877
677334615166730240 , 1395 , 307
677331501395156992 , 1129 , 246
677328882937298944 , 3741 , 1574
677314812125323265 , 1691 , 560
677301033169788928 , 1280 , 430
677269281705472000 , 2056 , 742
677228873407442944 , 3641 , 1719
677187300187611136 , 2809 , 970
676975532580409345 , 2865 , 1125
676957860086095872 , 2276 , 847
676949632774234114 , 1346 , 419
676948236477857792 , 2236 , 913
676946864479084545 , 1760 , 394
676942428000112642 , 2131 , 795
676936541936185344 , 13069 , 5135
676916996760600576 , 3051 , 1880
676897532954456065 , 2318 , 756
676864501615042560 , 2157 , 741
676821958043033607 , 23707 , 16332
676819651066732545 , 1857 , 696
676811746707918848 , 1451 , 443
676776431406465024 , 5142 , 2100
676617503762681856 , 2977 , 1029
676613908052996102 , 1116 , 205
676606785097199616 , 1933 , 458
676603393314578432 , 1195 , 402
676593408224403456 , 4696 , 2258
676590572941893632 , 937 , 132
676588346097852417 , 2389 , 833
676582956622721024 , 1237 , 291
676575501977128964 , 2660 , 1169
676533798876651520 , 1928 , 583
676496375194980353 , 1555 , 558
676470639084101634 , 11899 , 4876
676440007570247681 , 1763 , 693
676430933382295552 , 1430 , 361
676263575653122048 , 2131 , 576
676237365392908289 , 1258 , 306
676219687039057920 , 77421 , 32423
676215927814406144 , 1783 , 608
676191832485810177 , 2336 , 1077
676146341966438401 , 1969 , 691
676121918416756736 , 2208 , 1207
676101918813499392 , 2889 , 1211
676098748976615425 , 3078 , 1499
676089483918516224 , 1348 , 451
675898130735476737 , 1666 , 596
675891555769696257 , 2177 , 903
675888385639251968 , 2429 , 1002
675878199931371520 , 4265 , 1455
675870721063669760 , 1675 , 598
675853064436391936 , 2745 , 1352
675849018447167488 , 960 , 154
675845657354215424 , 2330 , 924
675822767435051008 , 1557 , 557
675820929667219457 , 1073 , 240
675798442703122432 , 10477 , 3520
675781562965868544 , 1660 , 493
675740360753160193 , 1196 , 360
675710890956750848 , 1932 , 856
675707330206547968 , 2022 , 726
675706639471788032 , 657 , 102
675534494439489536 , 1858 , 434
675531475945709568 , 1208 , 401
675522403582218240 , 1064 , 296
675517828909424640 , 1325 , 475
675501075957489664 , 17481 , 6034
675497103322386432 , 3197 , 1350
675489971617296384 , 1331 , 622
675483430902214656 , 1878 , 1011
675432746517426176 , 1557 , 591
675372240448454658 , 1727 , 529
675362609739206656 , 1067 , 236
675354435921575936 , 33448 , 17858
675349384339542016 , 3985 , 2338
675334060156301312 , 2832 , 1344
675166823650848770 , 3682 , 1670
675153376133427200 , 6406 , 2705
675149409102012420 , 3809 , 1737
675147105808306176 , 961 , 249
675146535592706048 , 1212 , 325
675145476954566656 , 2172 , 937
675135153782571009 , 1321 , 510
675113801096802304 , 1986 , 810
675111688094527488 , 984 , 261
675109292475830276 , 2846 , 1180
675047298674663426 , 1080 , 340
675015141583413248 , 2761 , 1243
675006312288268288 , 1004 , 235
675003128568291329 , 1583 , 489
674999807681908736 , 2288 , 1138
674805413498527744 , 875 , 368
674800520222154752 , 3064 , 888
674793399141146624 , 2547 , 1125
674790488185167872 , 1127 , 258
674788554665512960 , 828 , 217
674781762103414784 , 2033 , 1248
674774481756377088 , 1140 , 492
674767892831932416 , 1858 , 817
674764817387900928 , 796 , 247
674754018082705410 , 1382 , 465
674752233200820224 , 1483 , 482
674743008475090944 , 1429 , 573
674742531037511680 , 496 , 53
674739953134403584 , 1129 , 406
674737130913071104 , 661 , 96
674690135443775488 , 1167 , 482
674670581682434048 , 1635 , 675
674664755118911488 , 939 , 263
674646392044941312 , 1457 , 513
674644256330530816 , 1043 , 277
674638615994089473 , 1711 , 599
674632714662858753 , 1524 , 598
674606911342424069 , 952 , 102
674468880899788800 , 6330 , 2119
674447403907457024 , 1084 , 367
674436901579923456 , 1129 , 406
674422304705744896 , 1455 , 554
674416750885273600 , 691 , 145
674410619106390016 , 1218 , 481
674394782723014656 , 1519 , 591
674372068062928900 , 855 , 322
674330906434379776 , 571 , 76
674318007229923329 , 1436 , 529
674307341513269249 , 11490 , 7174
674291837063053312 , 14952 , 6060
674271431610523648 , 1589 , 751
674269164442398721 , 914 , 232
674265582246694913 , 1666 , 876
674262580978937856 , 1324 , 468
674255168825880576 , 1487 , 572
674082852460433408 , 762 , 176
674075285688614912 , 994 , 298
674063288070742018 , 6456 , 2270
674053186244734976 , 3366 , 1336
674051556661161984 , 1463 , 497
674045139690631169 , 1436 , 655
674042553264685056 , 732 , 132
674038233588723717 , 1116 , 424
674036086168010753 , 855 , 218
674024893172875264 , 1801 , 1264
674019345211760640 , 1150 , 309
674014384960745472 , 1583 , 665
674008982932058114 , 1213 , 365
673956914389192708 , 1969 , 991
673919437611909120 , 1183 , 378
673906403526995968 , 3228 , 1661
673887867907739649 , 941 , 257
673716320723169284 , 3122 , 775
673715861853720576 , 3582 , 2144
673711475735838725 , 1048 , 304
673709992831262724 , 858 , 283
673708611235921920 , 1092 , 297
673707060090052608 , 1105 , 403
673705679337693185 , 1270 , 411
673700254269775872 , 1452 , 589
673697980713705472 , 3846 , 2007
673689733134946305 , 1750 , 666
673688752737402881 , 1273 , 505
673686845050527744 , 1451 , 450
673680198160809984 , 1385 , 479
673662677122719744 , 1269 , 368
673656262056419329 , 722 , 248
673636718965334016 , 1118 , 368
673612854080196609 , 1607 , 741
673583129559498752 , 1205 , 373
673580926094458881 , 843 , 274
673576835670777856 , 1398 , 573
673363615379013632 , 1035 , 311
673359818736984064 , 1466 , 687
673355879178194945 , 1501 , 593
673352124999274496 , 1671 , 549
673350198937153538 , 752 , 218
673345638550134785 , 2543 , 1311
673343217010679808 , 980 , 278
673342308415348736 , 1288 , 600
673320132811366400 , 13622 , 8129
673317986296586240 , 882 , 266
673295268553605120 , 7590 , 3242
673270968295534593 , 1072 , 375
673240798075449344 , 1434 , 750
673213039743795200 , 2273 , 864
673148804208660480 , 1706 , 645
672997845381865473 , 1985 , 735
672995267319328768 , 966 , 307
672988786805112832 , 993 , 299
672984142909456390 , 1265 , 555
672980819271634944 , 1839 , 1027
672975131468300288 , 1697 , 933
672970152493887488 , 957 , 365
672968025906282496 , 1328 , 557
672964561327235073 , 1431 , 653
672902681409806336 , 1378 , 516
672898206762672129 , 911 , 431
672884426393653248 , 1561 , 849
672877615439593473 , 1044 , 377
672834301050937345 , 1324 , 581
672828477930868736 , 1266 , 504
672640509974827008 , 981 , 328
672622327801233409 , 1311 , 505
672614745925664768 , 1229 , 598
672609152938721280 , 1124 , 398
672604026190569472 , 1118 , 405
672594978741354496 , 1340 , 620
672591762242805761 , 956 , 342
672591271085670400 , 732 , 187
672538107540070400 , 1036 , 373
672523490734551040 , 648 , 174
672488522314567680 , 1122 , 447
672482722825261057 , 1145 , 615
672481316919734272 , 722 , 128
672475084225949696 , 1443 , 715
672466075045466113 , 1365 , 551
672272411274932228 , 6504 , 3462
672267570918129665 , 1516 , 628
672264251789176834 , 1151 , 344
672256522047614977 , 2834 , 1587
672254177670729728 , 1437 , 755
672248013293752320 , 1732 , 623
672245253877968896 , 690 , 162
672239279297454080 , 902 , 329
672231046314901505 , 1849 , 1039
672222792075620352 , 788 , 215
672205392827572224 , 2275 , 1177
672169685991993344 , 1029 , 375
672160042234327040 , 881 , 365
672139350159835138 , 1761 , 727
672125275208069120 , 2427 , 1162
672095186491711488 , 1009 , 374
672082170312290304 , 946 , 374
672068090318987265 , 1298 , 525
671896809300709376 , 8537 , 4241
671891728106971137 , 1344 , 585
671882082306625538 , 3497 , 1404
671879137494245376 , 1433 , 694
671874878652489728 , 1254 , 569
671866342182637568 , 1128 , 508
671855973984772097 , 912 , 455
671789708968640512 , 7116 , 3553
671768281401958400 , 1200 , 536
671763349865160704 , 1697 , 946
671744970634719232 , 1360 , 786
671743150407421952 , 746 , 236
671735591348891648 , 1463 , 771
671729906628341761 , 8558 , 4429
671561002136281088 , 12902 , 7361
671550332464455680 , 923 , 211
671547767500775424 , 1362 , 606
671544874165002241 , 1994 , 1068
671542985629241344 , 1099 , 574
671538301157904385 , 934 , 403
671536543010570240 , 1185 , 418
671533943490011136 , 1030 , 590
671528761649688577 , 848 , 265
671520732782923777 , 1412 , 535
671518598289059840 , 960 , 296
671511350426865664 , 1616 , 739
671504605491109889 , 7070 , 3608
671497587707535361 , 924 , 453
671488513339211776 , 1017 , 479
671486386088865792 , 581 , 209
671485057807351808 , 763 , 235
671390180817915904 , 1431 , 746
671362598324076544 , 1119 , 299
671357843010908160 , 401 , 150
671355857343524864 , 485 , 116
671347597085433856 , 964 , 437
671186162933985280 , 738 , 217
671182547775299584 , 1129 , 351
671166507850801152 , 883 , 358
671163268581498880 , 1672 , 1129
671159727754231808 , 377 , 84
671154572044468225 , 720 , 225
671151324042559489 , 673 , 158
671147085991960577 , 677 , 230
671141549288370177 , 1169 , 667
671138694582165504 , 930 , 412
671134062904504320 , 755 , 199
671122204919246848 , 3511 , 2564
671115716440031232 , 1374 , 791
671109016219725825 , 1154 , 449
670995969505435648 , 1110 , 298
670842764863651840 , 24776 , 8883
670840546554966016 , 597 , 198
670838202509447168 , 1122 , 709
670833812859932673 , 452 , 128
670832455012716544 , 740 , 224
670826280409919488 , 5591 , 4136
670823764196741120 , 784 , 197
670822709593571328 , 619 , 99
670815497391357952 , 3202 , 1564
670811965569282048 , 1140 , 275
670807719151067136 , 1167 , 500
670804601705242624 , 1982 , 977
670803562457407488 , 347 , 88
670797304698376195 , 739 , 242
670792680469889025 , 836 , 285
670789397210615808 , 667 , 245
670786190031921152 , 608 , 205
670783437142401025 , 827 , 403
670782429121134593 , 1578 , 785
670780561024270336 , 791 , 294
670778058496974848 , 330 , 74
670764103623966721 , 1083 , 430
670755717859713024 , 445 , 113
670733412878163972 , 974 , 522
670727704916926465 , 832 , 366
670717338665226240 , 1219 , 504
670704688707301377 , 775 , 378
670691627984359425 , 595 , 248
670679630144274432 , 753 , 289
670676092097810432 , 251 , 44
670668383499735048 , 10780 , 5129
670474236058800128 , 1534 , 775
670468609693655041 , 355 , 86
670465786746662913 , 979 , 562
670452855871037440 , 554 , 209
670449342516494336 , 1201 , 676
670444955656130560 , 6777 , 2016
670442337873600512 , 647 , 202
670435821946826752 , 1061 , 526
670434127938719744 , 1410 , 658
670433248821026816 , 330 , 114
670428280563085312 , 1392 , 638
670427002554466305 , 521 , 167
670421925039075328 , 1312 , 643
670420569653809152 , 629 , 321
670417414769758208 , 573 , 322
670411370698022913 , 2033 , 916
670408998013820928 , 559 , 229
670403879788544000 , 436 , 161
670385711116361728 , 563 , 214
670374371102445568 , 748 , 275
670361874861563904 , 330 , 69
670338931251150849 , 423 , 113
670319130621435904 , 3884 , 1242
670303360680108032 , 431 , 139
670290420111441920 , 710 , 292
670093938074779648 , 1030 , 339
670086499208155136 , 704 , 258
670079681849372674 , 2232 , 1260
670073503555706880 , 1586 , 806
670069087419133954 , 631 , 245
670061506722140161 , 770 , 347
670055038660800512 , 674 , 337
670046952931721218 , 648 , 180
670040295598354432 , 761 , 114
670037189829525505 , 592 , 281
670003130994700288 , 334 , 95
669993076832759809 , 327 , 86
669972011175813120 , 448 , 162
669970042633789440 , 303 , 62
669942763794931712 , 507 , 168
669926384437997569 , 374 , 106
669923323644657664 , 234 , 58
669753178989142016 , 820 , 408
669749430875258880 , 269 , 65
669684865554620416 , 520 , 90
669683899023405056 , 391 , 112
669682095984410625 , 351 , 136
669680153564442624 , 669 , 295
669661792646373376 , 806 , 447
669625907762618368 , 3550 , 1843
669603084620980224 , 953 , 367
669597912108789760 , 514 , 152
669583744538451968 , 1503 , 942
669573570759163904 , 437 , 143
669571471778410496 , 1602 , 1036
669567591774625800 , 236 , 56
669564461267722241 , 388 , 127
669393256313184256 , 369 , 78
669375718304980992 , 1341 , 743
669371483794317312 , 498 , 184
669367896104181761 , 469 , 160
669363888236994561 , 625 , 232
669359674819481600 , 371 , 127
669354382627049472 , 2730 , 1294
669353438988365824 , 650 , 266
669351434509529089 , 440 , 190
669328503091937280 , 1025 , 424
669327207240699904 , 579 , 118
669324657376567296 , 501 , 213
669216679721873412 , 1199 , 410
669214165781868544 , 441 , 170
669203728096960512 , 1008 , 486
669037058363662336 , 660 , 319
669015743032369152 , 742 , 381
669006782128353280 , 581 , 254
669000397445533696 , 21046 , 6472
668994913074286592 , 443 , 235
668992363537309700 , 748 , 355
668989615043424256 , 685 , 334
668988183816871936 , 901 , 479
668986018524233728 , 557 , 172
668981893510119424 , 543 , 314
668979806671884288 , 804 , 355
668975677807423489 , 1311 , 589
668967877119254528 , 145 , 24
668960084974809088 , 707 , 243
668955713004314625 , 283 , 72
668932921458302977 , 267 , 59
668902994700836864 , 321 , 102
668892474547511297 , 397 , 154
668872652652679168 , 531 , 305
668852170888998912 , 457 , 170
668826086256599040 , 437 , 140
668815180734689280 , 578 , 275
668779399630725120 , 707 , 377
668655139528511488 , 536 , 222
668645506898350081 , 896 , 541
668643542311546881 , 886 , 541
668641109086707712 , 1083 , 548
668636665813057536 , 1046 , 497
668633411083464705 , 2829 , 1677
668631377374486528 , 723 , 323
668627278264475648 , 321 , 118
668625577880875008 , 390 , 137
668623201287675904 , 1438 , 784
668620235289837568 , 204 , 43
668614819948453888 , 616 , 318
668587383441514497 , 1679 , 1097
668567822092664832 , 247 , 57
668544745690562560 , 519 , 232
668542336805281792 , 461 , 219
668537837512433665 , 253 , 77
668528771708952576 , 463 , 232
668507509523615744 , 329 , 110
668496999348633600 , 418 , 135
668484198282485761 , 432 , 239
668480044826800133 , 462 , 151
668466899341221888 , 888 , 525
668297328638447616 , 622 , 300
668291999406125056 , 245 , 32
668286279830867968 , 506 , 139
668274247790391296 , 828 , 232
668268907921326080 , 556 , 241
668256321989451776 , 1317 , 627
668248472370458624 , 999 , 498
668237644992782336 , 6234 , 2893
668226093875376128 , 301 , 105
668221241640230912 , 514 , 200
668204964695683073 , 555 , 197
668190681446379520 , 657 , 199
668171859951755264 , 495 , 199
668154635664932864 , 501 , 321
668142349051129856 , 570 , 286
668113020489474048 , 671 , 245
667937095915278337 , 1269 , 800
667924896115245057 , 304 , 113
667915453470232577 , 209 , 56
667911425562669056 , 493 , 308
667902449697558528 , 853 , 381
667886921285246976 , 1895 , 1109
667885044254572545 , 818 , 495
667878741721415682 , 393 , 122
667873844930215936 , 628 , 411
667866724293877760 , 3007 , 1042
667861340749471744 , 242 , 78
667832474953625600 , 291 , 63
667806454573760512 , 1056 , 497
667801013445750784 , 329 , 97
667793409583771648 , 699 , 335
667782464991965184 , 408 , 246
667773195014021121 , 235 , 57
667766675769573376 , 441 , 218
667728196545200128 , 379 , 152
667724302356258817 , 482 , 322
667550904950915073 , 0 , 35
667550882905632768 , 0 , 33
667549055577362432 , 5797 , 2303
667546741521195010 , 335 , 125
667544320556335104 , 866 , 530
667538891197542400 , 203 , 65
667534815156183040 , 816 , 543
667530908589760512 , 466 , 240
667524857454854144 , 1697 , 1115
667517642048163840 , 366 , 193
667509364010450944 , 6772 , 2141
667502640335572993 , 531 , 220
667495797102141441 , 517 , 272
667491009379606528 , 531 , 228
667470559035432960 , 256 , 100
667455448082227200 , 190 , 60
667453023279554560 , 309 , 91
667443425659232256 , 777 , 580
667437278097252352 , 448 , 238
667435689202614272 , 303 , 83
667405339315146752 , 464 , 220
667393430834667520 , 193 , 55
667369227918143488 , 363 , 164
667211855547486208 , 491 , 242
667200525029539841 , 610 , 260
667192066997374976 , 385 , 108
667188689915760640 , 741 , 414
667182792070062081 , 14297 , 6213
667177989038297088 , 191 , 55
667176164155375616 , 610 , 464
667174963120574464 , 241 , 83
667171260800061440 , 221 , 90
667165590075940865 , 2674 , 1139
667160273090932737 , 255 , 62
667152164079423490 , 47569 , 17082
667138269671505920 , 4584 , 2205
667119796878725120 , 328 , 127
667090893657276420 , 331 , 126
667073648344346624 , 401 , 121
667070482143944705 , 82 , 14
667065535570550784 , 165 , 46
667062181243039745 , 216 , 54
667044094246576128 , 183 , 51
667012601033924608 , 443 , 222
666996132027977728 , 244 , 94
666983947667116034 , 2533 , 979
666837028449972224 , 810 , 553
666835007768551424 , 212 , 80
666826780179869698 , 252 , 97
666817836334096384 , 514 , 249
666804364988780544 , 237 , 92
666786068205871104 , 752 , 484
666781792255496192 , 381 , 192
666776908487630848 , 348 , 174
666739327293083650 , 233 , 66
666701168228331520 , 425 , 218
666691418707132416 , 186 , 47
666649482315059201 , 1109 , 619
666644823164719104 , 229 , 80
666454714377183233 , 511 , 208
666447344410484738 , 102 , 20
666437273139982337 , 122 , 47
666435652385423360 , 163 , 53
666430724426358785 , 311 , 194
666428276349472768 , 163 , 82
666421158376562688 , 311 , 111
666418789513326592 , 122 , 45
666411507551481857 , 433 , 321
666407126856765440 , 105 , 40
666396247373291520 , 162 , 83
666373753744588802 , 182 , 88
666362758909284353 , 756 , 559
666353288456101888 , 215 , 71
666345417576210432 , 284 , 132
666337882303524864 , 192 , 89
666293911632134144 , 489 , 343
666287406224695296 , 142 , 63
666273097616637952 , 170 , 76
666268910803644416 , 100 , 35
666104133288665088 , 14011 , 6368
666102155909144576 , 77 , 11
666099513787052032 , 150 , 66
666094000022159362 , 160 , 72
666082916733198337 , 113 , 44
666073100786774016 , 315 , 159
666071193221509120 , 142 , 58
666063827256086533 , 464 , 213
666058600524156928 , 109 , 57
666057090499244032 , 290 , 138
666055525042405380 , 428 , 235
666051853826850816 , 1194 , 829
666050758794694657 , 130 , 57
666049248165822465 , 105 , 42
666044226329800704 , 290 , 136
666033412701032449 , 122 , 43
666029285002620928 , 125 , 46
666020888022790149 , 2524 , 498
